indexes of concatenated sums:
[[36, 16, 48, ..., 49, 33, 40],
 [25, 22,  7, ...,  0, 31,  1],
 [21, 45, 31, ..., 48, 20,  5],
 ...,
 [41,  5, 19, ..., 36,  2, 33],
 [30, 21, 20, ..., 17, 11,  0],
 [30, 36, 22, ..., 12,  5, 39]]

averages f score 1, 2, l:
[0.31276047, 0.31842992, 0.31904296, 0.31697976, 0.31868035, 0.32294233,
 0.31788768, 0.32254721]
[0.11449707, 0.11976615, 0.1143166 , 0.11261632, 0.1208301 , 0.12357572,
 0.11235764, 0.11716997]
[0.29388788, 0.29982874, 0.30029958, 0.29814736, 0.29880923, 0.30407024,
 0.29884087, 0.30363813]

averages precision 1, 2, l:
[0.27108277, 0.27462009, 0.2787001 , 0.2875726 , 0.2852852 , 0.27806515,
 0.28380491, 0.28024742]
[0.09905841, 0.10318626, 0.10027906, 0.10320808, 0.107384  , 0.10530111,
 0.10063311, 0.10174982]
[0.25473665, 0.25859101, 0.26234279, 0.27049444, 0.26750919, 0.26182936,
 0.26682011, 0.26382776]

averages recall 1, 2, l:
[0.37002898, 0.37935604, 0.37359964, 0.35372705, 0.36143651, 0.38545654,
 0.36200534, 0.38025701]
[0.13580633, 0.14286633, 0.13318756, 0.12423118, 0.13833528, 0.14967372,
 0.12749555, 0.13826057]
[0.34767847, 0.3571706 , 0.3516224 , 0.3327021 , 0.33887918, 0.3629049 ,
 0.34028294, 0.35794616]
