indexes of concatenated sums:
[[18, 43, 28, ..., 34,  7, 25],
 [49, 13, 31, ..., 27,  7, 35],
 [42, 37, 15, ..., 23, 12, 43],
 ...,
 [43, 21, 33, ..., 29, 34, 19],
 [ 0, 27, 48, ..., 44, 26, 37],
 [19,  9, 11, ..., 23,  1, 37]]

averages f score 1, 2, l:
[0.31987535, 0.32436147, 0.32348598, 0.32142475, 0.32374215, 0.32869412,
 0.32336955, 0.3272804 ]
[0.11841874, 0.12269863, 0.11587773, 0.11372737, 0.12421989, 0.12697359,
 0.11560354, 0.11897386]
[0.30119518, 0.30569266, 0.30424752, 0.30228456, 0.30402496, 0.30990384,
 0.30422472, 0.30817136]

averages precision 1, 2, l:
[0.27663419, 0.27965532, 0.28473176, 0.29296931, 0.29010248, 0.28323583,
 0.28787363, 0.28447195]
[0.10196744, 0.10549418, 0.10247337, 0.10490523, 0.11013556, 0.10791211,
 0.10332814, 0.10342802]
[0.26049252, 0.2635685 , 0.26782135, 0.27553027, 0.27245017, 0.26706048,
 0.27084716, 0.26787813]

averages recall 1, 2, l:
[0.37944242, 0.38638143, 0.37517841, 0.3564954 , 0.36666352, 0.39184372,
 0.36927756, 0.38555527]
[0.14130623, 0.14672238, 0.13367595, 0.12442822, 0.14259063, 0.15432979,
 0.13139737, 0.14017673]
[0.35725814, 0.36412599, 0.35282449, 0.33525536, 0.34430574, 0.36941201,
 0.34738618, 0.36301426]
