indexes of concatenated sums:
[[18, 16,  1, ..., 41, 44,  0],
 [38,  5,  2, ..., 31, 28, 41],
 [10, 33, 47, ...,  3, 44, 35],
 ...,
 [37, 18,  4, ..., 22, 20, 46],
 [17, 16, 28, ...,  8,  0, 47],
 [ 7,  6,  5, ..., 43, 25, 17]]

averages f score 1, 2, l:
[0.29207493, 0.29219479, 0.29399699, 0.29431151, 0.29511991, 0.29623885,
 0.29666307, 0.30144378]
[0.10805091, 0.10775035, 0.10292785, 0.10301381, 0.11036415, 0.11093231,
 0.10450245, 0.10761597]
[0.27261736, 0.27284708, 0.27475244, 0.27494873, 0.275638  , 0.27641153,
 0.27676088, 0.28128919]

averages precision 1, 2, l:
[0.26108704, 0.26079174, 0.27152087, 0.27087104, 0.27736892, 0.27556725,
 0.28346147, 0.27704941]
[0.09710201, 0.09666854, 0.09591904, 0.09570112, 0.1032429 , 0.10273848,
 0.10019721, 0.09931306]
[0.24372586, 0.24356005, 0.25378364, 0.25308531, 0.25909116, 0.25717071,
 0.26449266, 0.25857223]

averages recall 1, 2, l:
[0.33224286, 0.33304031, 0.32154489, 0.32321199, 0.31605945, 0.32104933,
 0.31195242, 0.3315483 ]
[0.12207602, 0.1220015 , 0.11149205, 0.11200005, 0.11882552, 0.1208368 ,
 0.10955592, 0.11785592]
[0.31005848, 0.31092929, 0.30044805, 0.30189932, 0.29515398, 0.29949805,
 0.29096663, 0.30931715]
