indexes of concatenated sums:
[[43, 13, 31, ...,  7, 32, 18],
 [19, 42, 23, ...,  4, 46, 43],
 [47,  7, 33, ..., 24, 10, 20],
 ...,
 [22, 27, 34, ...,  8, 10, 21],
 [16, 46, 22, ...,  1, 45, 24],
 [33, 46, 35, ..., 31,  5, 25]]

averages f score 1, 2, l:
[0.29891516, 0.3037384 , 0.30250375, 0.30159536, 0.30440484, 0.30778823,
 0.30533865, 0.3085232 ]
[0.11334862, 0.1178329 , 0.11156696, 0.11183939, 0.11979478, 0.12071841,
 0.11390658, 0.11704156]
[0.28043591, 0.28523426, 0.28330228, 0.28258121, 0.28507541, 0.28914036,
 0.28590964, 0.28939849]

averages precision 1, 2, l:
[0.25969575, 0.26197944, 0.26286355, 0.27081086, 0.27295786, 0.26570626,
 0.27053339, 0.26763233]
[0.09840534, 0.1016895 , 0.09728287, 0.10128874, 0.10685817, 0.10343595,
 0.10104019, 0.10138602]
[0.24366744, 0.24605042, 0.24621436, 0.25375466, 0.25565265, 0.24964725,
 0.25336326, 0.25107612]

averages recall 1, 2, l:
[0.35299359, 0.36217225, 0.35727193, 0.34132263, 0.34501663, 0.36670803,
 0.35129902, 0.36501535]
[0.13402201, 0.14040088, 0.13122623, 0.12530342, 0.13671978, 0.14536504,
 0.13089518, 0.1387822 ]
[0.33112398, 0.34004796, 0.33452728, 0.31977824, 0.32306697, 0.34441641,
 0.32887235, 0.34232725]
