indexes of concatenated sums:
[[ 4, 22, 29, 11, 17],
 [36,  4,  6, 48, 49],
 [18, 29, 12,  0, 14],
 [37, 34,  4, 36,  1],
 [20, 18, 40, 46, 39],
 [23, 14, 18, 38, 31],
 [ 8,  1, 19, 31, 22],
 [34, 47, 26, 33, 40],
 [19,  6,  0, 14, 40],
 [18, 44,  4, 16, 46],
 [ 4, 49, 42, 16, 34],
 [30, 26, 18, 11,  2],
 [ 8,  9, 31, 12, 17],
 [31, 24, 32, 47, 18],
 [ 2, 32, 23, 34, 42],
 [31, 36, 20,  6, 48],
 [10, 42,  0, 25, 19],
 [27,  1, 31, 24, 44],
 [ 3, 14, 22,  6, 12],
 [17,  7, 20, 30, 41],
 [18,  8, 14, 44, 48],
 [17, 38, 11,  1,  2],
 [49, 30, 19, 32, 42],
 [39,  0, 42,  6, 48],
 [19,  7, 45, 41, 37],
 [33,  0, 25, 10, 36],
 [19, 46, 11,  8, 26],
 [30, 25, 22, 43, 46],
 [ 3,  0, 47, 37, 23],
 [16, 46,  0, 19, 41],
 [ 4, 45, 16, 36,  0],
 [18, 33, 23, 14, 45],
 [23, 20,  2, 46, 38],
 [34, 19, 10,  0, 31],
 [40, 37,  1, 32, 43],
 [21,  7, 41, 29, 23],
 [19, 13, 33,  6, 43],
 [39, 41, 35, 33,  0],
 [27, 14, 25, 35, 28],
 [37, 46, 27, 35,  5],
 [44, 31, 28, 38,  6],
 [38, 42, 15, 47, 10],
 [21, 30, 42, 32, 14],
 [ 2, 11, 30, 34, 29],
 [ 9, 29, 45, 15, 47],
 [ 1, 44, 21,  5, 39],
 [ 8, 17,  4, 31, 21],
 [11, 15, 17, 30, 48],
 [ 3,  2,  7,  8, 11],
 [42, 37, 15, 12, 10],
 [34,  2, 30, 12,  0],
 [ 8, 10, 18, 25, 42],
 [15, 37, 30, 43, 41],
 [13, 27, 35, 28, 11],
 [ 1, 43, 18, 13,  5],
 [14, 23,  0, 44,  9],
 [36, 49,  6, 19, 38],
 [ 3, 20, 12,  1,  0],
 [42,  0, 29, 49, 19],
 [10,  5, 28,  4,  1],
 [10, 49, 40, 29, 42],
 [22, 32,  5, 19, 14],
 [ 2,  8,  6, 38,  5],
 [33, 19, 36, 30,  5],
 [ 4, 30, 19, 14, 29],
 [42, 43, 19, 24, 39],
 [45, 43,  4, 34,  6],
 [27,  3, 43, 14, 21],
 [42, 36, 40, 32, 45],
 [ 3,  7, 41, 43, 26],
 [26, 35, 31,  7,  8],
 [18,  4, 21, 48, 16],
 [10, 17, 45, 42, 43],
 [37, 47, 23, 25, 32],
 [29, 24,  2, 31, 26],
 [15,  1, 41,  0, 32],
 [22, 30,  4, 24, 41],
 [32, 38, 44, 19, 11],
 [38, 42, 34, 29, 39],
 [25, 45, 17, 14,  1],
 [35, 27, 18, 40,  3],
 [18, 47, 16, 37,  8],
 [ 9, 10, 26,  4, 40],
 [13, 28, 40, 31, 11],
 [32, 26,  1, 39, 37],
 [47, 33, 27, 12, 35],
 [17, 39, 24, 15, 11],
 [13, 30, 24, 18, 33],
 [43, 34,  3, 11,  0],
 [27,  3,  7, 16, 30],
 [21, 42, 12, 48,  1],
 [31, 32,  9, 15, 13],
 [ 3, 45, 34, 11, 33],
 [45, 15, 36, 12, 48],
 [12, 48, 25,  8, 14],
 [11, 20, 22,  2, 40],
 [22, 24,  5, 49,  2],
 [ 9,  7, 48, 35, 32],
 [43, 31, 33,  1, 40],
 [34,  7,  0, 49, 44]]

averages f score 1, 2, l:
[0.24976628, 0.25490658, 0.25593159, 0.25370563, 0.25453857, 0.26139915,
 0.26147818, 0.26335375]
[0.08854053, 0.0928989 , 0.09093095, 0.0912696 , 0.09285397, 0.09719922,
 0.09411917, 0.09581223]
[0.23074875, 0.23555255, 0.23610863, 0.2355911 , 0.23632931, 0.24330952,
 0.2415616 , 0.24364535]

averages precision 1, 2, l:
[0.21647579, 0.21939266, 0.2189256 , 0.22383721, 0.22956838, 0.22673979,
 0.23148883, 0.2284904 ]
[0.07751326, 0.0808365 , 0.07821515, 0.08144845, 0.08418016, 0.08461573,
 0.08375135, 0.08338427]
[0.20025078, 0.20297895, 0.20213966, 0.20798688, 0.21339602, 0.21128333,
 0.21404915, 0.21157846]

averages recall 1, 2, l:
[0.29963279, 0.30917489, 0.31231698, 0.29702961, 0.2896003 , 0.31315537,
 0.30457457, 0.31501702]
[0.10519116, 0.11143699, 0.11039218, 0.10559262, 0.10535692, 0.1162148 ,
 0.10925541, 0.11446374]
[0.27631923, 0.28520738, 0.28775535, 0.27557346, 0.26847758, 0.29101097,
 0.28100895, 0.29106421]
