indexes of concatenated sums:
[[ 5, 22,  9, ..., 29, 46, 15],
 [48, 16, 27, ..., 34, 40,  5],
 [42, 15, 23, ..., 45, 33, 25],
 ...,
 [ 3, 40, 13, ...,  0,  5,  2],
 [ 6, 20,  3, ..., 38, 10, 28],
 [41, 29, 28, ..., 18, 16, 46]]

averages f score 1, 2, l:
[0.32890964, 0.33162267, 0.33181126, 0.33033688, 0.33196565, 0.33731925,
 0.33248325, 0.3362344 ]
[0.12080303, 0.12348862, 0.11723131, 0.11570551, 0.12685381, 0.12922285,
 0.11747135, 0.12058715]
[0.31127282, 0.31461339, 0.31363662, 0.31156143, 0.31323548, 0.31954631,
 0.31410725, 0.31776346]

averages precision 1, 2, l:
[0.28504533, 0.2868005 , 0.29475308, 0.30354403, 0.29686412, 0.29092619,
 0.2975431 , 0.29292888]
[0.10413818, 0.1063292 , 0.10467667, 0.10758564, 0.11202444, 0.1096766 ,
 0.105547  , 0.10495843]
[0.2697629 , 0.27208999, 0.27861989, 0.28629558, 0.28011318, 0.27560155,
 0.28110339, 0.27684087]

averages recall 1, 2, l:
[0.38885159, 0.39320466, 0.37996798, 0.36264537, 0.37663569, 0.40140793,
 0.37706286, 0.39468995]
[0.14386637, 0.14732148, 0.1334368 , 0.125343  , 0.14626633, 0.15728655,
 0.13262025, 0.14176693]
[0.36799631, 0.37303669, 0.3591365 , 0.34202687, 0.35538698, 0.38025077,
 0.35621443, 0.37300056]
