indexes of concatenated sums:
[[48, 29, 11, ..., 37, 38, 16],
 [ 6,  9, 32, ...,  4, 21, 43],
 [28, 40,  5, ..., 38,  8, 15],
 ...,
 [ 9, 49, 10, ..., 22, 12, 44],
 [32, 31,  0, ..., 27,  6, 18],
 [ 8, 37,  0, ...,  7, 10, 24]]

averages f score 1, 2, l:
[0.32435288, 0.3283454 , 0.32841513, 0.32656435, 0.32833084, 0.33296454,
 0.3287263 , 0.33260492]
[0.11901746, 0.122961  , 0.116365  , 0.11465413, 0.12515857, 0.12727056,
 0.11690318, 0.1204834 ]
[0.30575131, 0.31056241, 0.30958289, 0.30764586, 0.30882199, 0.31450986,
 0.30992784, 0.31368236]

averages precision 1, 2, l:
[0.28111747, 0.28343959, 0.28919625, 0.29854301, 0.29367851, 0.28677842,
 0.29346583, 0.2892559 ]
[0.10277982, 0.10577299, 0.10286407, 0.10596563, 0.11072614, 0.10804833,
 0.10477356, 0.1047157 ]
[0.26500329, 0.2680929 , 0.27262978, 0.28126199, 0.2762307 , 0.27089133,
 0.27669207, 0.27280552]

averages recall 1, 2, l:
[0.38352081, 0.39040211, 0.38040839, 0.36080164, 0.37248484, 0.39705268,
 0.37394878, 0.39146169]
[0.14143076, 0.14690524, 0.13419509, 0.12512449, 0.14400649, 0.15487869,
 0.13239873, 0.14197831]
[0.36151086, 0.36924977, 0.3585663 , 0.33987898, 0.35034882, 0.37503097,
 0.3525505 , 0.36917945]
