indexes of concatenated sums:
[[36, 23, 30, ...,  9, 15, 31],
 [35, 47, 21, ..., 40, 27,  8],
 [25, 12, 49, ..., 34, 47, 10],
 ...,
 [30, 28, 18, ...,  2, 34, 15],
 [39,  1, 45, ..., 13, 21, 37],
 [27, 15, 37, ..., 18, 21,  0]]

averages f score 1, 2, l:
[0.30975294, 0.31251968, 0.31348199, 0.31244713, 0.31295676, 0.31724755,
 0.31510005, 0.31856693]
[0.11628793, 0.11980655, 0.1141974 , 0.11425425, 0.12160967, 0.12412709,
 0.11557844, 0.11896319]
[0.29095297, 0.29416086, 0.29446828, 0.29377033, 0.29363994, 0.29819794,
 0.29617993, 0.29989495]

averages precision 1, 2, l:
[0.26782141, 0.26931324, 0.27325639, 0.28333619, 0.27997561, 0.2733467 ,
 0.28047974, 0.27678448]
[0.10049624, 0.10329972, 0.10009035, 0.10491269, 0.10813005, 0.10598046,
 0.10333539, 0.10350251]
[0.25159689, 0.25352594, 0.2567105 , 0.26643018, 0.26272325, 0.25696303,
 0.26367435, 0.26058128]

averages recall 1, 2, l:
[0.36791656, 0.3728986 , 0.3683843 , 0.3490509 , 0.35542962, 0.37853006,
 0.36014542, 0.37579685]
[0.13824813, 0.14288245, 0.1333256 , 0.12586565, 0.1392093 , 0.15001907,
 0.1314523 , 0.14014479]
[0.34552837, 0.35092728, 0.34598804, 0.32814097, 0.33344471, 0.3557439 ,
 0.33846183, 0.35373355]
