indexes of concatenated sums:
[[23, 27, 24, ..., 29,  3, 28],
 [41, 39, 25, ...,  7, 29, 37],
 [40, 25, 45, ..., 31,  3,  6],
 ...,
 [17, 43, 13, ..., 42, 32, 34],
 [ 7, 26, 28, ..., 44,  8, 29],
 [ 2, 19,  3, ..., 23,  9,  0]]

averages f score 1, 2, l:
[0.28754604, 0.2922601 , 0.29305674, 0.293346  , 0.29316084, 0.29776284,
 0.29629059, 0.29958855]
[0.10822044, 0.11241277, 0.10994375, 0.11097274, 0.11451737, 0.11627242,
 0.11219575, 0.11622113]
[0.26865417, 0.27364872, 0.27365416, 0.27457127, 0.27410755, 0.27916047,
 0.27681221, 0.28058049]

averages precision 1, 2, l:
[0.24910206, 0.25183291, 0.25292976, 0.26222632, 0.26277855, 0.25672244,
 0.26228963, 0.25917699]
[0.09414418, 0.09741062, 0.09545996, 0.10041435, 0.10265578, 0.10001491,
 0.09971043, 0.10075564]
[0.23278575, 0.23583142, 0.23623579, 0.2454948 , 0.24573547, 0.2407224 ,
 0.24508079, 0.2427643 ]

averages recall 1, 2, l:
[0.34137465, 0.34949323, 0.34995915, 0.33440841, 0.33264155, 0.35570551,
 0.34169862, 0.35612266]
[0.12780002, 0.13338267, 0.13026278, 0.12468946, 0.12996967, 0.139383  ,
 0.12877372, 0.13779046]
[0.31885302, 0.32717105, 0.32669211, 0.31292372, 0.31096634, 0.3334099 ,
 0.31918093, 0.33347213]
