indexes of concatenated sums:
[[ 2, 43, 20, 46,  7, 24, 22,  4, 45, 23],
 [ 1, 36, 32, 33, 42, 35, 16, 11, 31, 24],
 [36, 20, 39,  6, 44,  9, 35, 18, 45, 37],
 [20, 42, 34, 11, 15,  2, 18, 24,  8, 46],
 [49,  2,  7, 25,  6, 29, 23, 33, 42, 48],
 [ 3, 47, 32, 18, 14, 34, 25, 10, 41,  9],
 [ 3, 39, 42, 28, 19, 31,  7, 15, 10, 40],
 [44, 49,  2, 23, 38, 22, 17, 13, 37, 14],
 [43, 22, 12, 34, 48, 45,  2, 14, 28, 27],
 [46, 49, 15,  6, 26, 23, 45, 39,  4,  2],
 [21, 34, 39, 11,  7, 48, 24,  4, 46, 26],
 [13, 27,  2, 21,  8, 46,  9, 48, 37,  5],
 [12, 22, 35, 44,  0, 14, 38, 19, 10,  2],
 [38,  2, 40, 42, 33,  8, 37, 15,  3,  5],
 [15, 41,  9, 28,  6, 19, 24, 10, 38, 31],
 [26, 47, 37, 36, 43,  6, 40, 10, 49, 20],
 [46,  2, 48,  0, 14,  5, 34, 23, 10,  9],
 [49, 36, 44, 35, 39, 20, 21, 29, 31, 33],
 [25, 16, 27,  1,  3, 35, 45, 46, 18, 47],
 [19, 22,  5,  7,  4, 38, 39,  9, 34, 15],
 [36, 16, 48, 20, 32, 13,  8,  0,  6, 23],
 [ 0,  7, 35, 26, 47, 43, 36,  9, 13, 15],
 [41, 17, 37, 38, 40, 11, 31, 23, 15, 18],
 [10, 29, 36,  9, 39,  6,  4, 40,  0, 12],
 [34, 37, 43, 23, 12, 25, 48, 16,  1,  5],
 [16, 24, 26, 28, 36,  9,  8, 49, 22, 12],
 [41, 11, 28, 44, 24, 49,  6, 12,  0, 19],
 [ 3, 21, 28, 19, 43, 27, 30, 41,  4, 26],
 [41, 49, 48, 45, 38, 32,  0,  7,  6, 14],
 [40, 16,  9, 46,  6, 39, 22, 21, 25,  3],
 [10,  7,  5, 19, 27, 38, 40,  6, 41, 47],
 [43,  4, 21, 20, 18, 10, 48,  3, 24, 17],
 [25, 37, 21,  2, 12, 24, 35, 10,  1, 36],
 [45,  9, 24, 38, 42,  6,  3, 15, 48, 28],
 [48,  8, 43,  1, 15, 44, 45, 21,  9, 42],
 [48, 11, 49,  4, 40, 24, 37, 23,  5,  9],
 [37, 29, 40, 23, 20,  9, 25, 41,  3,  6],
 [35, 28, 29, 10,  5, 43, 24,  3,  0, 47],
 [34,  8,  0,  4, 12, 36, 21, 44,  6,  5],
 [31,  3, 37, 11, 40, 28, 19, 10, 23, 30],
 [21,  3, 14, 43, 24, 28,  9,  5, 49, 40],
 [34,  4, 28, 22, 37, 29, 25, 32, 33, 24],
 [ 6, 24, 49,  0, 14, 36,  5, 38, 40, 16],
 [18, 45, 10, 41, 29, 25, 27, 40,  6,  5],
 [13,  6, 16, 49, 12, 34, 15, 28, 31,  5],
 [47, 12, 10, 23, 44, 25, 48, 46, 33, 34],
 [45, 23, 15,  1, 19,  8, 24, 11, 38, 39],
 [31, 19,  2, 37,  0, 47, 21, 30, 36, 28],
 [47,  0, 13, 45, 32, 49,  7, 29,  9, 41],
 [ 0, 45, 31, 28, 17, 13, 41,  4, 20, 11],
 [17, 15, 48, 43, 18, 35, 16,  4,  1,  8],
 [ 0, 13,  1, 24,  7, 36,  8, 42,  3, 47],
 [23,  6, 11, 36, 43, 47,  7, 29, 14, 16],
 [ 4, 32, 38, 22, 31,  8, 28, 39, 48,  1],
 [ 3, 23, 29, 34,  1, 16, 28, 17, 42, 31],
 [16, 31, 12, 43, 22,  5, 19, 48, 41, 20],
 [48, 34, 32, 11, 35, 15, 38,  4, 17,  3],
 [11, 43, 37, 12, 40, 34, 18, 46,  4, 26],
 [36, 30, 13,  0, 27, 18, 32, 22, 46, 35],
 [22, 37,  7, 15, 31, 28, 13,  6, 10, 35],
 [22, 41, 16, 29,  4, 19,  1, 26, 49, 23],
 [40, 23, 21, 18, 19, 14, 20, 38,  4, 34],
 [ 4, 33, 27,  7, 11, 30, 25, 26, 37,  1],
 [ 3,  4, 22,  7,  5, 34, 49, 40,  2,  6],
 [21, 16,  9, 12, 30, 27, 33, 47, 23, 41],
 [40, 49, 21, 30, 38, 31,  7,  0, 28, 13],
 [32,  5, 16,  9, 26, 20,  0, 24, 36, 49],
 [17, 25, 40, 44,  3, 24, 39, 49, 15, 47],
 [39, 30, 29,  3, 43, 10, 24, 36, 45,  2],
 [22, 36,  8,  1, 14, 40, 18, 37,  2,  0],
 [ 4, 48, 44, 17, 23, 24, 25, 12, 41, 32],
 [31, 45, 38, 10, 11, 44, 41, 18, 47, 49],
 [18, 48, 34, 12, 21, 43, 44,  2,  9, 33],
 [33, 29, 44, 28, 27, 15,  0,  6, 46, 37],
 [26,  6, 41, 13, 28, 43, 27, 34, 33, 23],
 [22, 27, 41, 11, 42, 47, 46, 16, 23, 34],
 [10, 16, 30, 22, 25, 39, 24,  2, 32, 18],
 [32, 28, 39, 15, 13, 46, 42, 14,  6,  7],
 [20, 30, 28, 37, 39,  9, 47, 34, 26, 10],
 [ 6, 23, 44, 42, 14, 46, 38, 19, 12, 26],
 [41, 47, 43, 36,  3, 13, 45, 42, 29, 22],
 [49, 12, 36, 37, 21, 48,  8, 11, 31, 45],
 [30,  5, 44, 49, 31, 14, 15, 34,  4, 21],
 [23, 19, 35, 40, 14, 48, 30,  6,  1, 39],
 [31, 46, 19, 14, 39,  6, 23, 22, 13, 24],
 [35, 17,  8, 41, 49,  6, 22,  7, 15, 45],
 [15,  8, 24, 40, 25, 43, 48, 12, 29, 38],
 [45, 11, 20, 39, 35, 17,  8, 25, 42, 44],
 [25,  9,  8, 39,  3, 37, 23, 42, 34, 18],
 [12, 28, 38,  6, 48,  7, 15, 45, 26, 23],
 [31, 29,  1, 30, 22,  7, 48, 26, 13, 42],
 [39, 42, 19, 25, 10, 36, 37, 27, 44, 30],
 [31, 40, 48, 49, 16, 36, 29, 33,  2, 17],
 [41, 27, 38, 13, 35,  7, 23, 25, 14, 28],
 [ 1,  4,  6, 39, 11, 17, 21, 43, 42, 41],
 [29,  2, 24, 38, 49, 20, 16, 17,  5, 12],
 [30,  0, 27, 40, 12, 48, 28, 10,  8,  2],
 [44, 45, 49,  2, 34, 47, 17, 38,  1, 41],
 [13,  4, 38, 25, 15,  1,  3, 27, 26,  0],
 [ 2,  0, 11, 17, 30,  6, 49, 37, 19, 34]]

averages f score 1, 2, l:
[0.26667961, 0.26959437, 0.27367777, 0.27240485, 0.27170674, 0.27462517,
 0.27716797, 0.27983321]
[0.09587103, 0.09836748, 0.09826704, 0.09698855, 0.10044088, 0.10186227,
 0.09980244, 0.10329609]
[0.24843695, 0.25124804, 0.25521668, 0.25393122, 0.25330433, 0.25614697,
 0.25804905, 0.2609385 ]

averages precision 1, 2, l:
[0.22784351, 0.22889673, 0.23274604, 0.24014438, 0.23960918, 0.23410354,
 0.24274342, 0.23986045]
[0.08223406, 0.08407712, 0.08401342, 0.08627488, 0.08852386, 0.08674213,
 0.08767145, 0.08857304]
[0.21235043, 0.21344363, 0.21712146, 0.22394689, 0.22349371, 0.21847147,
 0.22609081, 0.223751  ]

averages recall 1, 2, l:
[0.3235066 , 0.32992394, 0.33426439, 0.31659223, 0.31547589, 0.33424161,
 0.32481862, 0.33755127]
[0.11583232, 0.11935728, 0.11933296, 0.11157678, 0.11687217, 0.12432658,
 0.1167335 , 0.12476363]
[0.30119763, 0.3072216 , 0.31156618, 0.2949742 , 0.29391092, 0.31150261,
 0.30226094, 0.31459715]
