indexes of concatenated sums:
[[47,  0, 45, 12, 23, 17, 24, 30, 34, 29],
 [41, 27, 43,  1,  7, 22, 46, 16, 34, 42],
 [12, 19, 29, 31, 26,  1, 13, 24, 43, 46],
 [41,  1, 13, 23, 40, 21, 48, 18,  2, 27],
 [32, 26, 19, 18, 38, 49,  9,  3, 40, 37],
 [27, 48,  9,  5, 33,  1,  8, 22, 26, 28],
 [15, 45, 43, 30, 31, 25, 13,  7,  3, 21],
 [26, 22, 20, 14, 37, 12,  5, 45, 29, 38],
 [34, 43, 25, 27, 29, 17, 45, 39,  0, 42],
 [15, 19, 46, 23, 18, 42, 41, 24, 40, 11],
 [49, 14,  6, 45, 48, 35, 12, 11, 13,  0],
 [32, 44, 29,  5, 36, 48, 38, 30,  7, 22],
 [ 6, 26, 12, 37, 42, 24, 10, 43, 40, 21],
 [14, 20, 39, 15, 28, 23, 36, 22,  8, 18],
 [25, 45, 21, 20,  1, 38, 24, 49, 48, 34],
 [26, 31, 15, 33, 22,  8, 36, 19, 43,  1],
 [12, 25, 28,  4, 22, 35,  5,  6, 40, 11],
 [33, 31, 35, 38, 40, 49,  1, 14, 34,  9],
 [45, 40, 13, 28, 47, 24, 27, 17, 12, 36],
 [27, 38, 12, 11, 31,  7,  8, 13, 36,  5],
 [47, 21, 15, 44, 28, 33,  8,  7, 16,  3],
 [15, 38, 19, 17, 24,  4, 49,  0, 48, 33],
 [37, 24, 45, 23, 43, 49, 19, 27, 14,  1],
 [26, 16, 45, 41,  0, 17,  2, 42, 47,  3],
 [ 6, 49, 30, 35,  9, 38, 45, 41, 21, 26],
 [40,  5, 39, 18, 10, 45, 32, 14, 22, 20],
 [ 4, 23, 29, 21,  6, 37, 34, 15, 17, 12],
 [48, 31, 32, 42,  4, 37, 39, 27, 19, 20],
 [33, 21, 39,  7, 24, 40, 38,  5,  4, 11],
 [13, 43, 33, 47, 48, 41, 35, 21, 34, 15],
 [28, 47, 20, 42, 19, 34, 31,  1,  4,  6],
 [28,  5, 14, 16, 23, 39, 25, 36, 46,  1],
 [41, 16, 11, 39, 29, 31, 24, 36, 48, 21],
 [40, 39, 43, 22, 12,  2, 45,  7, 32, 46],
 [35, 13,  6, 48, 32,  5,  1, 29, 39, 17],
 [ 7, 27,  9, 40, 10, 19, 39,  4, 43, 48],
 [17, 13, 42, 19, 23, 47, 22, 48, 20, 10],
 [22, 12, 27, 31, 20, 30, 36, 14, 23, 38],
 [45, 43, 34, 26, 17, 21, 20, 44,  9,  3],
 [12, 31, 25, 41, 43, 33, 17, 15, 32, 49],
 [43, 36, 35, 28,  3, 38, 42, 37, 14, 41],
 [19, 28, 35, 21, 40, 42, 49, 43, 32, 31],
 [31, 49, 20, 11, 18,  5, 39, 26, 23, 46],
 [17, 23, 42, 14, 10, 38, 40,  5,  0, 15],
 [45, 37, 20, 19, 15, 12, 34, 31, 25, 17],
 [43, 25, 44,  1, 45, 28, 22, 16, 34,  9],
 [40, 47, 34, 18, 28,  9, 17, 13, 45, 38],
 [31, 43, 38, 34, 24, 47, 25, 45, 26, 35],
 [46, 28,  8,  0, 16,  6, 22, 14, 42, 31],
 [16,  8, 47,  4, 19, 41, 18, 28, 24, 33],
 [10, 23, 27, 26, 45, 38,  5, 13, 39, 37],
 [35, 38, 22, 29, 48,  7,  6,  9, 20, 14],
 [12, 13, 41, 49,  0, 39, 22, 33, 47, 19],
 [42,  4, 44, 48, 32, 37, 39, 31, 15, 14],
 [27, 14, 43, 42,  4, 30, 45, 20, 11,  0],
 [37, 38, 12,  8, 45, 49, 36, 25, 16, 13],
 [28, 29, 49, 43, 40, 11,  6, 15, 26,  2],
 [20, 24, 47, 34, 39, 30, 42, 48,  5, 11],
 [36,  2, 44,  9,  4,  3, 10,  0, 41, 18],
 [17,  2, 16, 19, 47, 49, 46, 30,  7, 15],
 [ 0, 23,  3, 45, 21, 24, 44, 37, 19, 49],
 [32, 43, 24, 35, 20, 15, 14, 28, 40, 45],
 [ 4, 37, 32, 44, 20, 23, 34, 29,  6, 45],
 [13, 16,  2, 19, 21, 36, 14, 47, 22, 48],
 [17, 28, 14, 35, 33, 12,  8, 44, 22, 27],
 [40, 49,  6, 23, 21, 30, 13, 10, 25, 28],
 [47, 20, 21, 18, 26, 48,  3, 43, 10,  6],
 [32, 41, 28, 37,  3,  5,  9,  7, 31, 22],
 [31, 33, 12, 41, 40, 16, 27,  0,  4, 14],
 [32, 37, 31, 25, 41,  5, 10, 46, 36, 29],
 [25, 30, 18, 32, 31, 12, 20, 33, 28, 49],
 [27, 41, 28,  7, 49, 36,  6, 35, 44, 10],
 [15, 36, 25,  3, 22, 40, 18, 35,  6, 31],
 [45, 18, 48, 36, 33,  7, 35, 49, 41, 16],
 [20, 42, 18, 33, 16, 17, 12, 38, 47, 28],
 [ 9, 36, 24, 14,  1,  8, 21, 39, 46, 20],
 [ 3, 11, 25, 32, 13, 27, 34, 17, 26, 29],
 [35, 49, 45,  1, 19, 31,  6, 15, 36, 44],
 [28, 27, 49, 32, 37, 39,  7, 47, 41, 15],
 [33, 48, 45, 10, 49, 31, 35, 47, 27,  0],
 [23,  4, 30, 38, 45, 25, 34, 40, 27, 32],
 [45, 36, 18,  5, 19, 25,  8, 15,  2,  6],
 [41, 23, 11, 25, 46, 42, 10,  0, 48, 12],
 [13,  5,  2, 19, 14, 16, 17, 24,  8, 25],
 [11,  8, 28,  3, 27,  5, 38, 32,  2, 12],
 [31, 25, 12,  2, 35, 38, 36, 17, 41, 43],
 [25, 30,  7,  5, 40, 23, 33, 20, 12, 26],
 [18, 45, 34, 46, 39, 32, 23, 26,  2, 24],
 [11,  1, 49, 36,  8, 39, 45, 44,  3, 10],
 [ 6, 28, 25, 47, 48, 30, 39, 41, 27, 19],
 [ 9, 41,  0, 18, 24, 21, 26,  5, 47, 27],
 [12, 39, 22, 37, 14,  8, 30, 48, 21, 34],
 [16, 27, 48,  2, 20, 49,  5, 34, 47, 11],
 [ 5, 15, 10, 33, 21, 30,  6, 43, 29, 38],
 [26, 17,  9, 18,  8,  4, 10, 45, 13, 40],
 [39, 37, 27, 33, 36, 16,  4, 47,  0, 20],
 [32, 45,  3, 21,  9, 41, 27, 38, 42,  6],
 [14,  9,  8, 43, 30,  1, 28,  6, 45,  5],
 [38, 35,  0, 24, 42,  3, 43, 14, 48, 26],
 [43, 11,  8, 42, 39,  4, 20, 16,  7, 36]]

averages f score 1, 2, l:
[0.27771238, 0.28136715, 0.2819985 , 0.28019517, 0.28022988, 0.28686159,
 0.28451005, 0.28784386]
[0.10421261, 0.10809851, 0.10443696, 0.10377641, 0.10647571, 0.11177991,
 0.10675087, 0.11032008]
[0.25893855, 0.2628889 , 0.26188588, 0.26095213, 0.26034865, 0.26753575,
 0.26461327, 0.26854089]

averages precision 1, 2, l:
[0.23946017, 0.24194432, 0.24205252, 0.24871398, 0.2506666 , 0.24750092,
 0.25143631, 0.24914105]
[0.09024224, 0.09342997, 0.08996203, 0.09275121, 0.09514286, 0.09622506,
 0.09445328, 0.09537598]
[0.22338128, 0.22614811, 0.22486888, 0.23170246, 0.23299847, 0.23095181,
 0.23397475, 0.23254988]

averages recall 1, 2, l:
[0.33272749, 0.33816746, 0.34017464, 0.32285307, 0.32037161, 0.34365052,
 0.33012388, 0.34296142]
[0.12421944, 0.12910232, 0.12539687, 0.11860032, 0.12202428, 0.13447255,
 0.12375867, 0.13175156]
[0.31001653, 0.31577369, 0.31575239, 0.30056308, 0.29744998, 0.32025967,
 0.30682284, 0.31974081]
