indexes of concatenated sums:
[[47, 37, 25, ..., 46, 15,  9],
 [19, 44,  1, ..., 20, 47,  3],
 [ 6, 45, 33, ..., 20, 46,  4],
 ...,
 [22,  3, 38, ..., 33, 18, 14],
 [12, 19, 42, ..., 27, 31, 20],
 [ 3, 35, 15, ..., 49, 28, 40]]

averages f score 1, 2, l:
[0.29841011, 0.30138361, 0.30131384, 0.2996621 , 0.30104209, 0.30570185,
 0.30170135, 0.3050498 ]
[0.11073994, 0.11427249, 0.10914108, 0.10880773, 0.11504707, 0.11653329,
 0.11005417, 0.11325641]
[0.2799169 , 0.28307635, 0.28274313, 0.28150246, 0.28192179, 0.28656036,
 0.28247111, 0.28640626]

averages precision 1, 2, l:
[0.25838841, 0.26024437, 0.26141115, 0.26913911, 0.26968439, 0.26386292,
 0.26751296, 0.26424872]
[0.0959984 , 0.09892279, 0.09504674, 0.09866313, 0.10263436, 0.09988996,
 0.09782791, 0.09807105]
[0.24241152, 0.24446798, 0.24531767, 0.25284296, 0.25258947, 0.24736789,
 0.2504748 , 0.24811364]

averages recall 1, 2, l:
[0.35395402, 0.35872543, 0.35667969, 0.33903708, 0.34144879, 0.36402192,
 0.34670959, 0.36142894]
[0.13116308, 0.13553767, 0.12863809, 0.12176863, 0.13122405, 0.14014001,
 0.12615389, 0.13434218]
[0.33194788, 0.3368731 , 0.33466044, 0.31846935, 0.31970699, 0.34117539,
 0.32458737, 0.33931059]
