indexes of concatenated sums:
[[13, 10, 43, ..., 40, 11, 49],
 [34, 44,  9, ...,  1,  6, 12],
 [44, 14, 16, ..., 36,  1,  9],
 ...,
 [33, 23, 20, ..., 27, 16, 39],
 [30,  8, 38, ..., 42, 16,  5],
 [46, 14,  4, ..., 35,  6, 20]]

averages f score 1, 2, l:
[0.32999154, 0.33093456, 0.3336552 , 0.33272782, 0.33230677, 0.3352175 ,
 0.33291061, 0.33670933]
[0.1213111 , 0.12291806, 0.1190584 , 0.11729448, 0.1262937 , 0.12663319,
 0.11808663, 0.12133195]
[0.31146046, 0.31325802, 0.31472264, 0.3134642 , 0.31335536, 0.31688496,
 0.31381338, 0.31793097]

averages precision 1, 2, l:
[0.2868066 , 0.28672018, 0.29782293, 0.30496261, 0.29885612, 0.28925102,
 0.29983947, 0.29371889]
[0.10486437, 0.10605891, 0.10678968, 0.10867443, 0.11210903, 0.10743726,
 0.10680649, 0.10565425]
[0.27070196, 0.27140581, 0.28092125, 0.28730997, 0.28181245, 0.27343262,
 0.28263489, 0.27734238]

averages recall 1, 2, l:
[0.38866347, 0.3915014 , 0.37996121, 0.3664157 , 0.37449633, 0.39866879,
 0.37457496, 0.39457117]
[0.14394971, 0.14623802, 0.1348691 , 0.1275935 , 0.14470047, 0.15421741,
 0.13225089, 0.1425583 ]
[0.36683537, 0.370589  , 0.3584051 , 0.34519661, 0.35313858, 0.37686571,
 0.35309373, 0.37255826]
