indexes of concatenated sums:
[[20, 38,  8, ..., 46, 39, 29],
 [38,  5, 29, ..., 16, 19, 31],
 [47,  2, 38, ..., 32, 12, 35],
 ...,
 [42, 20, 18, ..., 41,  0, 47],
 [13, 45, 36, ..., 18, 43,  2],
 [20, 39, 33, ..., 29, 21,  7]]

averages f score 1, 2, l:
[0.31850167, 0.32077169, 0.32238116, 0.32130159, 0.32136615, 0.32542703,
 0.32145063, 0.32558339]
[0.11718939, 0.11966098, 0.11371851, 0.1124288 , 0.12119726, 0.12305235,
 0.11302083, 0.11716106]
[0.29995183, 0.30262545, 0.30361269, 0.30242005, 0.30235949, 0.30687887,
 0.30245314, 0.30672138]

averages precision 1, 2, l:
[0.27589969, 0.27753989, 0.28492335, 0.29264994, 0.28773772, 0.28043181,
 0.28834013, 0.28309748]
[0.10120682, 0.10334708, 0.10107756, 0.10360474, 0.10741342, 0.10465909,
 0.10192117, 0.10193369]
[0.25983393, 0.26184677, 0.26833721, 0.27545584, 0.27073369, 0.2644633 ,
 0.27131247, 0.26670382]

averages recall 1, 2, l:
[0.37705165, 0.38043143, 0.3720505 , 0.35676354, 0.36429042, 0.38798459,
 0.36390164, 0.38348525]
[0.13930684, 0.14226236, 0.13041352, 0.12322126, 0.13919107, 0.14942653,
 0.12718776, 0.13795229]
[0.35508619, 0.35889623, 0.35038789, 0.33579279, 0.34272288, 0.36584138,
 0.34237501, 0.36125585]
