indexes of concatenated sums:
[[12, 28,  3, ..., 19, 47, 18],
 [32, 21, 14, ..., 31, 46,  9],
 [ 5,  3, 45, ...,  2, 43, 42],
 ...,
 [ 1, 34, 22, ..., 41, 21,  0],
 [41, 34, 43, ..., 38, 29,  5],
 [15, 19, 28, ..., 23,  1, 44]]

averages f score 1, 2, l:
[0.31550892, 0.31761506, 0.31889779, 0.31667793, 0.31888163, 0.32311722,
 0.31814705, 0.32188981]
[0.11717177, 0.12059287, 0.11395495, 0.11321869, 0.12182067, 0.12452311,
 0.11364445, 0.11725551]
[0.29661187, 0.29902026, 0.30015675, 0.29819432, 0.29911151, 0.30399579,
 0.29922184, 0.30353834]

averages precision 1, 2, l:
[0.27372062, 0.27393507, 0.28130036, 0.28843018, 0.28512542, 0.27843887,
 0.28365891, 0.28021416]
[0.10139405, 0.10374846, 0.100873  , 0.10402046, 0.10789246, 0.10597441,
 0.10156793, 0.10196668]
[0.25734218, 0.25791903, 0.26479354, 0.27161959, 0.26746878, 0.26198322,
 0.26679733, 0.26425975]

averages recall 1, 2, l:
[0.3727382 , 0.37825126, 0.36902902, 0.35183736, 0.36218313, 0.38521994,
 0.36268797, 0.37854863]
[0.13891974, 0.14411678, 0.13138999, 0.12461853, 0.14006294, 0.15108684,
 0.12924524, 0.13817135]
[0.35038241, 0.35606282, 0.34729608, 0.3312647 , 0.33969382, 0.36238091,
 0.34109345, 0.35692752]
