indexes of concatenated sums:
[[ 9,  3,  7, ..., 19, 25,  6],
 [49, 46, 33, ..., 21, 24,  6],
 [ 5, 13,  0, ..., 21, 44, 40],
 ...,
 [18,  1, 17, ..., 49, 47, 45],
 [26, 35, 20, ..., 45, 41, 39],
 [17, 24, 34, ...,  5, 22, 26]]

averages f score 1, 2, l:
[0.29736807, 0.29794809, 0.29989194, 0.29743644, 0.29895293, 0.3049252 ,
 0.29961234, 0.30305681]
[0.11560539, 0.11626519, 0.1133983 , 0.11190019, 0.11766353, 0.12126465,
 0.11300055, 0.11669883]
[0.27909989, 0.28009955, 0.28127946, 0.2789326 , 0.27991724, 0.28627563,
 0.28072836, 0.28467862]

averages precision 1, 2, l:
[0.25875795, 0.25817612, 0.26106892, 0.26757116, 0.26878348, 0.2646583 ,
 0.26633934, 0.26409885]
[0.10089381, 0.10113533, 0.09922955, 0.10163841, 0.10550064, 0.10477332,
 0.10056271, 0.10161964]
[0.24291169, 0.2427467 , 0.24492413, 0.25094831, 0.25172015, 0.24852247,
 0.24959353, 0.24811995]

averages recall 1, 2, l:
[0.35127218, 0.35375992, 0.35411262, 0.33661204, 0.33840289, 0.36121193,
 0.34371773, 0.3567745 ]
[0.13607731, 0.13740174, 0.13317885, 0.12538527, 0.13372543, 0.14460258,
 0.12955177, 0.13764407]
[0.32960424, 0.3325006 , 0.33202529, 0.31562911, 0.31677751, 0.33902813,
 0.32197991, 0.33506538]
