indexes of concatenated sums:
[[17, 31, 44, 23, 40],
 [13, 41, 33,  8, 24],
 [18, 22, 31, 23, 39],
 [42, 49,  0, 48, 45],
 [45,  7, 17, 26,  1],
 [31,  5,  1,  0, 49],
 [42, 27, 40, 14,  6],
 [20, 40, 49, 29, 38],
 [23, 43, 32, 21, 49],
 [31, 12, 10, 49,  7],
 [48, 33, 49, 30, 15],
 [27, 42, 23,  5,  2],
 [39,  3, 34, 29,  7],
 [ 1, 42, 34, 44, 26],
 [ 0, 34,  6,  8, 32],
 [37, 17, 36, 10, 24],
 [26, 23, 28,  2, 14],
 [ 1, 24,  4, 33, 36],
 [ 2, 46, 10, 36, 37],
 [ 0, 35, 39, 21, 31],
 [ 5, 27,  3, 44,  9],
 [ 8, 34, 46, 30, 23],
 [30, 49,  2, 44, 38],
 [38, 32, 44, 14,  0],
 [45, 33, 24,  1, 18],
 [ 4,  2, 40, 39, 41],
 [24, 22,  8, 35, 46],
 [ 2,  1, 42, 15, 13],
 [11, 24,  2,  4, 27],
 [30, 14, 46, 37, 17],
 [ 2, 11,  9, 26, 33],
 [41, 45, 35, 49, 44],
 [ 7, 16, 36, 13, 34],
 [29, 23, 22, 21,  7],
 [ 1, 37, 15, 35, 14],
 [23,  2,  3, 33, 27],
 [15, 10, 23,  6, 47],
 [45, 41, 31, 34, 29],
 [38, 42, 10, 18,  9],
 [48, 46, 26, 29,  6],
 [ 8, 16,  1, 34, 13],
 [45,  4, 40, 36, 32],
 [22, 13, 25,  2, 20],
 [32,  6,  1,  0, 29],
 [18, 38, 47, 22, 23],
 [24, 27,  0, 11, 46],
 [49,  8, 20, 29,  5],
 [26, 32, 31, 46, 34],
 [42, 10, 15, 12, 37],
 [40,  8, 47, 43, 20],
 [15, 12,  7, 47, 28],
 [ 8, 13, 32, 45, 16],
 [41, 14, 11, 13, 29],
 [37,  7,  1, 15, 10],
 [21, 13, 10, 31, 30],
 [ 1,  5, 15, 39, 41],
 [41, 10, 44, 24, 15],
 [49, 33,  0, 43,  4],
 [31, 22, 20, 21, 32],
 [12, 42, 43, 30, 46],
 [ 6,  1, 49, 42, 25],
 [15, 42, 10,  0,  7],
 [24, 13,  2, 29, 44],
 [47, 23, 45, 48,  2],
 [29, 27, 13, 25, 11],
 [28, 18,  4, 49, 47],
 [12, 17, 33, 48, 43],
 [28, 10, 17, 15, 42],
 [21, 20,  7, 11, 30],
 [22, 35, 36, 19, 34],
 [19,  8, 24, 17, 47],
 [28, 26, 11, 40, 29],
 [19, 16, 25, 18, 23],
 [35, 18, 11, 21, 20],
 [29,  9,  7, 12, 33],
 [43, 21,  4, 30, 33],
 [19, 14, 25, 48, 31],
 [27, 37, 49, 14, 42],
 [13, 29, 11, 35, 15],
 [40, 43, 13, 26, 10],
 [35, 29,  3, 24, 45],
 [13, 49, 35, 34, 12],
 [42, 23, 22,  4, 35],
 [12, 37,  0, 44, 23],
 [35,  4, 17, 42, 10],
 [44, 15, 24,  7, 39],
 [15, 38, 23,  7, 48],
 [33, 27, 25, 49, 37],
 [23, 11, 13, 39, 17],
 [ 2,  9,  0, 12, 10],
 [30, 25, 44, 37, 14],
 [16, 30, 31, 36, 47],
 [35, 23, 39, 49, 31],
 [33, 25, 23, 16, 19],
 [ 2, 16,  3,  9, 35],
 [ 0,  7, 20,  1, 38],
 [30, 40, 41, 16, 42],
 [16, 48, 44, 42,  3],
 [34, 18,  0, 16,  6],
 [42, 34, 49, 15, 39]]

averages f score 1, 2, l:
[0.25194211, 0.25358878, 0.26176312, 0.25805991, 0.25482296, 0.2584945 ,
 0.26548999, 0.26537166]
[0.09161729, 0.09492373, 0.0982823 , 0.0948504 , 0.09428618, 0.09890993,
 0.10147904, 0.10161357]
[0.23417762, 0.23604163, 0.24185092, 0.23871018, 0.23737326, 0.24137977,
 0.24616203, 0.24588482]

averages precision 1, 2, l:
[0.21659312, 0.21655878, 0.22213815, 0.2256469 , 0.22819218, 0.22195218,
 0.23224072, 0.22866883]
[0.07981779, 0.08203266, 0.08419941, 0.08413158, 0.08520789, 0.0854272 ,
 0.08949248, 0.08818337]
[0.20149811, 0.2017867 , 0.20539084, 0.20895063, 0.21278058, 0.20741277,
 0.21554465, 0.2120738 ]

averages recall 1, 2, l:
[0.30564242, 0.31041832, 0.32271748, 0.30532421, 0.29269468, 0.31390534,
 0.31421443, 0.3205897 ]
[0.10965649, 0.11475907, 0.11998868, 0.11047784, 0.10758859, 0.11962796,
 0.11926557, 0.12206509]
[0.28371006, 0.28847847, 0.2978369 , 0.28198546, 0.27226658, 0.29275663,
 0.29093946, 0.29664808]
