indexes of concatenated sums:
[[38, 39, 11, ..., 19, 25, 41],
 [38,  7, 21, ..., 44, 24, 35],
 [41, 24, 32, ..., 20, 13, 47],
 ...,
 [ 3, 30,  2, ..., 23, 41, 13],
 [44, 43,  9, ..., 28, 20, 30],
 [15, 21, 25, ...,  4, 14, 47]]

averages f score 1, 2, l:
[0.31013051, 0.31314558, 0.31383645, 0.31321475, 0.31178783, 0.3178123 ,
 0.31427097, 0.31781486]
[0.11656347, 0.1200482 , 0.11473501, 0.11426432, 0.12012922, 0.12454084,
 0.1152108 , 0.11907905]
[0.29187873, 0.29502751, 0.29504719, 0.2950943 , 0.2926116 , 0.29910327,
 0.29546897, 0.29967125]

averages precision 1, 2, l:
[0.26889501, 0.26998511, 0.27463747, 0.28393342, 0.27848482, 0.27385061,
 0.27981307, 0.27605783]
[0.10111419, 0.10365728, 0.1008886 , 0.1047967 , 0.1066386 , 0.10638039,
 0.10291405, 0.1034418 ]
[0.25310002, 0.25439269, 0.25821154, 0.26752342, 0.2613811 , 0.25776353,
 0.26310131, 0.26031497]

averages recall 1, 2, l:
[0.36703267, 0.37350086, 0.36707826, 0.35024181, 0.3548884 , 0.37928962,
 0.35911931, 0.37509072]
[0.13789524, 0.14290836, 0.13346829, 0.12609894, 0.13784002, 0.15048247,
 0.13116357, 0.1406133 ]
[0.34537661, 0.35183658, 0.34506902, 0.32995029, 0.33302113, 0.35689687,
 0.33758617, 0.35364575]
