indexes of concatenated sums:
[[36, 22, 45, ..., 40, 21,  6],
 [15, 12, 19, ..., 26, 11, 42],
 [21, 40, 22, ..., 24, 12, 35],
 ...,
 [12, 24, 45, ..., 39, 44,  9],
 [29, 15, 38, ..., 39,  0, 45],
 [38, 13, 33, ..., 39, 49, 20]]

averages f score 1, 2, l:
[0.32409774, 0.32629198, 0.3270686 , 0.32580088, 0.32756646, 0.33162217,
 0.32668388, 0.33011448]
[0.11924266, 0.12162593, 0.11485425, 0.11435167, 0.12404237, 0.12617285,
 0.11517566, 0.11824878]
[0.30547458, 0.30828044, 0.30861015, 0.30700653, 0.30851363, 0.31326056,
 0.30774342, 0.31137125]

averages precision 1, 2, l:
[0.28125823, 0.28242361, 0.29115723, 0.29834137, 0.29335463, 0.2855878 ,
 0.29335582, 0.28760409]
[0.10305502, 0.10486952, 0.10281689, 0.10590982, 0.10983685, 0.10701876,
 0.10384581, 0.1029148 ]
[0.26510694, 0.26683827, 0.27472827, 0.28113968, 0.27629992, 0.26978649,
 0.27635084, 0.27127529]

averages recall 1, 2, l:
[0.38256125, 0.38651792, 0.37380426, 0.35923418, 0.37111643, 0.39551875,
 0.36911033, 0.38758864]
[0.14156372, 0.14484448, 0.13045314, 0.12448087, 0.14259268, 0.15374379,
 0.12953288, 0.13906696]
[0.36055976, 0.36517291, 0.35270363, 0.33849886, 0.34951703, 0.37359727,
 0.347705  , 0.36558025]
