indexes of concatenated sums:
[[11, 14, 45, ...,  8, 26, 17],
 [45, 28, 18, ...,  6, 22, 19],
 [49, 30, 43, ...,  9,  7, 34],
 ...,
 [11, 45, 34, ..., 22, 38, 43],
 [30, 21, 32, ...,  8, 45, 23],
 [22,  5,  7, ...,  8, 40, 32]]

rouge 1:
[[0.32659044, 0.32703659, 0.33044017, ..., 0.32698907, 0.32836767,
  0.33178582],
 [0.32163742, 0.32163742, 0.32041012, ..., 0.32504661, 0.33701298,
  0.33871478],
 [0.32622478, 0.32651869, 0.33403678, ..., 0.33230769, 0.33007874,
  0.34618944],
 ...,
 [0.32647058, 0.32472108, 0.32708269, ..., 0.33003095, 0.32688588,
  0.32850849],
 [0.31740412, 0.31891732, 0.32550761, ..., 0.32300469, 0.3119266 ,
  0.32090032],
 [0.32859216, 0.3293914 , 0.32444304, ..., 0.33002107, 0.31327602,
  0.318629  ]]

rouge 2:
[[0.12291425, 0.12363274, 0.11927582, ..., 0.12115982, 0.11959654,
  0.11874559],
 [0.11238532, 0.11238532, 0.09660432, ..., 0.11387412, 0.11634756,
  0.11410118],
 [0.11917098, 0.12075718, 0.12149848, ..., 0.12321792, 0.12440862,
  0.13214347],
 ...,
 [0.12336262, 0.12214498, 0.12074035, ..., 0.12377176, 0.12655042,
  0.11449579],
 [0.11096389, 0.11120304, 0.11618105, ..., 0.11542461, 0.09973554,
  0.10372831],
 [0.12284131, 0.11919454, 0.11472756, ..., 0.12276897, 0.10792024,
  0.11019886]]

rouge l:
[[0.30665493, 0.30755608, 0.30874147, ..., 0.30702028, 0.31125198,
  0.31507273],
 [0.30175438, 0.30175438, 0.30182633, ..., 0.30702299, 0.31948051,
  0.32162076],
 [0.30374639, 0.30432242, 0.31474223, ..., 0.31138461, 0.31055118,
  0.32767664],
 ...,
 [0.31058823, 0.3082795 , 0.31109744, ..., 0.31083591, 0.31205673,
  0.30899937],
 [0.2979351 , 0.29949985, 0.30774111, ..., 0.30359937, 0.29161205,
  0.30096463],
 [0.3076923 , 0.30920103, 0.30749921, ..., 0.31315868, 0.2954473 ,
  0.30022215]]

averages f score 1, 2, l:
[0.32354163, 0.32512031, 0.32048525, 0.32237921, 0.32825276, 0.32901519,
 0.32564506, 0.3291988 ]
[0.11820352, 0.11869737, 0.10777471, 0.10928769, 0.12265208, 0.12269525,
 0.11380053, 0.11453642]
[0.30400557, 0.30585659, 0.30181648, 0.30360677, 0.30917372, 0.30980946,
 0.30694588, 0.31053537]

averages precision 1, 2, l:
[0.28952882, 0.29098717, 0.30300848, 0.30427242, 0.311401  , 0.30882893,
 0.31522672, 0.31060672]
[0.10590577, 0.10630692, 0.10309212, 0.10441136, 0.11500792, 0.11375956,
 0.11112763, 0.10900341]
[0.272047  , 0.27374663, 0.28537198, 0.2865679 , 0.29330357, 0.29080382,
 0.29712952, 0.29300177]

averages recall 1, 2, l:
[0.36667604, 0.36839859, 0.34042104, 0.34311507, 0.34708582, 0.35209595,
 0.33689524, 0.35040996]
[0.13375625, 0.13438232, 0.11308002, 0.11483241, 0.13140412, 0.1331803 ,
 0.11670899, 0.1208129 ]
[0.34453464, 0.34656935, 0.32057276, 0.32311773, 0.32690953, 0.33153996,
 0.31754579, 0.33053818]
