indexes of concatenated sums:
[[38,  2,  8, ...,  0, 15, 37],
 [47, 28, 13, ..., 14, 46, 39],
 [44, 47, 24, ..., 49, 13, 19],
 ...,
 [42, 34, 14, ..., 22, 11, 20],
 [32, 40,  1, ..., 14, 15, 41],
 [ 0, 15, 27, ..., 24, 22, 21]]

averages f score 1, 2, l:
[0.32555325, 0.32691573, 0.32143222, 0.32320949, 0.3302694 , 0.33077808,
 0.32613729, 0.33060447]
[0.11923433, 0.11942756, 0.1078002 , 0.10913053, 0.1235697 , 0.12318729,
 0.11421302, 0.1147736 ]
[0.30633439, 0.30787073, 0.30292163, 0.30453084, 0.31147486, 0.3117926 ,
 0.30775204, 0.31236157]

averages precision 1, 2, l:
[0.29175864, 0.29306376, 0.30459742, 0.30582599, 0.3140564 , 0.31096855,
 0.31616817, 0.31315069]
[0.10694668, 0.10708333, 0.10333298, 0.10453602, 0.11609319, 0.11431861,
 0.11163967, 0.10966497]
[0.27453488, 0.27599101, 0.28706795, 0.28816114, 0.29618662, 0.29312162,
 0.29834741, 0.29587765]

averages recall 1, 2, l:
[0.36825126, 0.36965953, 0.3404994 , 0.34296897, 0.34828652, 0.35334384,
 0.33685535, 0.35032394]
[0.13472951, 0.13500624, 0.11282363, 0.11431164, 0.13208993, 0.13356899,
 0.11699823, 0.12051097]
[0.34651168, 0.34812418, 0.32087597, 0.32313668, 0.32846408, 0.33306116,
 0.31786311, 0.33098452]
