average rouge 1:
[0.31941623 0.32067935 0.31609642 0.31714619 0.32416162 0.32485135
 0.32253349 0.3253768 ]
[0.28554647 0.2866282  0.29791472 0.29837108 0.3069282  0.3039892
 0.31147587 0.30472468]
[0.36250761 0.36402497 0.33701311 0.33884243 0.34355302 0.34889933
 0.33455552 0.3494164 ]
average rouge 2:
[0.1175968  0.11765801 0.10770502 0.10834058 0.12264275 0.12171604
 0.11326229 0.11364301]
[0.10515155 0.10512699 0.10243201 0.10286456 0.11462964 0.11240468
 0.1098818  0.10696779]
[0.13341722 0.13361819 0.11374876 0.11463995 0.13189552 0.13274973
 0.11695051 0.12139081]
average rouge l:
[0.30003544 0.3018704  0.29835475 0.29909498 0.30501284 0.30544297
 0.30481305 0.30716255]
[0.26822454 0.26982307 0.28121534 0.28141303 0.28880221 0.28583561
 0.29437398 0.2876771 ]
[0.34050646 0.3426634  0.31806839 0.31952352 0.32325281 0.32804343
 0.31616151 0.32984201]