indexes of concatenated sums:
[[ 7, 21, 43, ..., 48, 16, 27],
 [ 4, 37, 17, ...,  5, 44, 32],
 [ 8, 34, 47, ..., 21, 45, 27],
 ...,
 [33,  9, 44, ..., 16, 24, 21],
 [ 7, 16,  9, ...,  3,  1, 44],
 [21, 46, 49, ..., 37, 35,  3]]

averages f score 1, 2, l:
[0.32918088, 0.33180799, 0.33212771, 0.3305954 , 0.33187695, 0.33541423,
 0.33098816, 0.33511574]
[0.12078049, 0.12365761, 0.11777318, 0.11585959, 0.12545124, 0.12764669,
 0.11666718, 0.12058172]
[0.31044222, 0.31398229, 0.31348801, 0.3117463 , 0.3127191 , 0.31705098,
 0.31208507, 0.31645839]

averages precision 1, 2, l:
[0.28626666, 0.28739021, 0.29576688, 0.30305084, 0.29812407, 0.28928733,
 0.29709272, 0.29208324]
[0.10448642, 0.10664468, 0.10540434, 0.10737763, 0.11119853, 0.10826515,
 0.1051724 , 0.10496396]
[0.26997409, 0.2719523 , 0.27916818, 0.28577741, 0.28091758, 0.27345438,
 0.28012855, 0.27582665]

averages recall 1, 2, l:
[0.38742715, 0.39266957, 0.37922937, 0.3639778 , 0.37450033, 0.39916505,
 0.373984  , 0.39317409]
[0.14318017, 0.14721396, 0.13371306, 0.12597811, 0.14399575, 0.15552936,
 0.13117064, 0.1417518 ]
[0.36536678, 0.37157094, 0.3579448 , 0.34321808, 0.35287701, 0.3773021 ,
 0.35262027, 0.37127544]
