indexes of concatenated sums:
[[ 6,  8,  7, ..., 22,  0, 46],
 [47, 15, 39, ..., 40, 20,  6],
 [26, 12, 11, ..., 45, 25, 38],
 ...,
 [36, 49, 37, ..., 14, 27, 31],
 [47, 45,  1, ..., 19, 34, 15],
 [22, 36, 11, ...,  7, 26, 27]]

rouge 1:
[[0.3194847 , 0.3232258 , 0.31545741, ..., 0.32712495, 0.32724668,
  0.31843575],
 [0.31248035, 0.30455259, 0.32275673, ..., 0.31170568, 0.32677029,
  0.32251521],
 [0.31459948, 0.31056701, 0.31952662, ..., 0.32327436, 0.32451253,
  0.32465753],
 ...,
 [0.32866242, 0.33588272, 0.32127447, ..., 0.32987621, 0.33138535,
  0.32744248],
 [0.30695596, 0.31012658, 0.31025118, ..., 0.30848505, 0.31315974,
  0.30639494],
 [0.32411575, 0.32514544, 0.30059419, ..., 0.32733446, 0.31586402,
  0.31618916]]

rouge 2:
[[0.11814345, 0.11974288, 0.10425963, ..., 0.12169613, 0.11225328,
  0.10435825],
 [0.1133248 , 0.10455373, 0.11983967, ..., 0.10744435, 0.1219117 ,
  0.11841326],
 [0.10877581, 0.1067694 , 0.1116088 , ..., 0.11581204, 0.11578947,
  0.11657142],
 ...,
 [0.11796733, 0.12536127, 0.10753098, ..., 0.12297246, 0.12311901,
  0.12190476],
 [0.11870967, 0.11284117, 0.10907658, ..., 0.12143693, 0.1148073 ,
  0.11176351],
 [0.12349287, 0.12465627, 0.09737217, ..., 0.12656784, 0.11008039,
  0.1093594 ]]

rouge l:
[[0.29822866, 0.3032258 , 0.29582895, ..., 0.30680663, 0.30934479,
  0.30027932],
 [0.29613329, 0.28822605, 0.3022859 , ..., 0.29163879, 0.30673575,
  0.3015551 ],
 [0.29328165, 0.28801546, 0.29717291, ..., 0.30107526, 0.30362116,
  0.30479452],
 ...,
 [0.31082802, 0.31867431, 0.30401593, ..., 0.30913348, 0.31282227,
  0.31077025],
 [0.28717294, 0.29177215, 0.28852681, ..., 0.29062177, 0.29345531,
  0.28742094],
 [0.30353697, 0.3076923 , 0.28102062, ..., 0.30764006, 0.29603399,
  0.29478771]]

averages f score 1, 2, l:
[0.31912761, 0.32022406, 0.31676195, 0.32008625, 0.32312008, 0.32371411,
 0.32213823, 0.32532475]
[0.11778041, 0.11805592, 0.10839716, 0.11103281, 0.12156289, 0.12174274,
 0.11387092, 0.11405733]
[0.29950129, 0.30090051, 0.2978025 , 0.30122042, 0.30412354, 0.30444921,
 0.3036137 , 0.30647502]

averages precision 1, 2, l:
[0.28617653, 0.28667308, 0.2991448 , 0.29907178, 0.30609716, 0.30502772,
 0.31126698, 0.30719033]
[0.10578627, 0.10579487, 0.10351896, 0.10500048, 0.11393475, 0.1134918 ,
 0.11085397, 0.10854056]
[0.26857859, 0.26937825, 0.28125737, 0.28145774, 0.2881056 , 0.28687922,
 0.29337513, 0.2894008 ]

averages recall 1, 2, l:
[0.360854  , 0.36286415, 0.33709515, 0.34482471, 0.3422915 , 0.3449882 ,
 0.33401534, 0.34601248]
[0.13291091, 0.13360135, 0.11403103, 0.11808885, 0.13033899, 0.13134258,
 0.11721417, 0.12033825]
[0.3386586 , 0.34096092, 0.31689658, 0.32448306, 0.32216279, 0.32445178,
 0.31479921, 0.32595216]
