indexes of concatenated sums:
[[49, 37,  0, ..., 39, 38, 11],
 [ 0, 45, 29, ..., 40, 26, 18],
 [46, 13, 36, ..., 34, 12, 27],
 ...,
 [47,  7, 46, ..., 28,  8, 41],
 [34, 13, 16, ...,  5,  3, 11],
 [41, 46, 11, ...,  9, 42, 16]]

averages f score 1, 2, l:
[0.32748794, 0.32857119, 0.3305422 , 0.32828978, 0.33125112, 0.33437179,
 0.32820359, 0.33218781]
[0.12172031, 0.12347579, 0.11886663, 0.11745283, 0.12709289, 0.12879171,
 0.11718975, 0.12095759]
[0.30864982, 0.31050134, 0.31169867, 0.30962345, 0.31219446, 0.31577867,
 0.30942213, 0.31366993]

averages precision 1, 2, l:
[0.28455387, 0.28429927, 0.29267624, 0.29898664, 0.2980956 , 0.28847445,
 0.29311733, 0.288578  ]
[0.10533333, 0.10648803, 0.10573083, 0.10805404, 0.11300942, 0.10944228,
 0.10497132, 0.10491567]
[0.2681829 , 0.26866224, 0.27599424, 0.28200124, 0.2809577 , 0.27243788,
 0.2763516 , 0.27249778]

averages recall 1, 2, l:
[0.38591161, 0.38944063, 0.38016654, 0.36436551, 0.37302797, 0.39783576,
 0.37312085, 0.39146889]
[0.1442449 , 0.14701942, 0.13602303, 0.12887773, 0.14532367, 0.15653672,
 0.1328061 , 0.14289323]
[0.36371709, 0.36802607, 0.35848974, 0.34362663, 0.35154991, 0.37570553,
 0.35175606, 0.36963434]
