indexes of concatenated sums:
[[46, 14, 30, ..., 37, 47, 35],
 [10, 26, 16, ..., 35, 19, 29],
 [31, 23, 35, ..., 32, 24, 47],
 ...,
 [18, 22,  4, ..., 11, 23,  5],
 [15, 47, 35, ...,  4, 14, 24],
 [27, 35, 32, ..., 15, 44, 48]]

averages f score 1, 2, l:
[0.31387378, 0.31496211, 0.31265828, 0.31387273, 0.31778603, 0.32017341,
 0.31766039, 0.32193231]
[0.11525059, 0.11537728, 0.10640857, 0.10704755, 0.11938502, 0.11980705,
 0.11190002, 0.11333138]
[0.29420387, 0.29553515, 0.29435086, 0.29531722, 0.29862464, 0.30061745,
 0.29952725, 0.30326666]

averages precision 1, 2, l:
[0.28126076, 0.28213899, 0.29376707, 0.29399877, 0.30091605, 0.29374485,
 0.30651466, 0.29317933]
[0.10354936, 0.1036093 , 0.1010812 , 0.10142309, 0.11196739, 0.10877517,
 0.10869236, 0.10370123]
[0.26364159, 0.26474631, 0.27658417, 0.27663873, 0.2827922 , 0.27581842,
 0.28903288, 0.27619883]

averages recall 1, 2, l:
[0.35532703, 0.35670578, 0.33468034, 0.33716656, 0.33689499, 0.35211448,
 0.32992345, 0.35741014]
[0.13003159, 0.13025743, 0.11262072, 0.11362313, 0.12793927, 0.13343087,
 0.11548426, 0.12518187]
[0.33304833, 0.3346884 , 0.31505969, 0.31720685, 0.31655609, 0.33058587,
 0.31107238, 0.33665999]
