indexes of concatenated sums:
[[34, 22, 29, ..., 45, 17, 18],
 [29, 27, 25, ..., 42, 20, 12],
 [12, 47, 42, ..., 19, 44, 37],
 ...,
 [19, 11, 37, ..., 10, 26, 43],
 [21,  8, 20, ..., 25, 12, 15],
 [11, 31, 20, ...,  2,  3,  4]]

averages f score 1, 2, l:
[0.3128735 , 0.31374464, 0.31097727, 0.31305405, 0.31663919, 0.32079054,
 0.31495908, 0.3206258 ]
[0.11522598, 0.1151404 , 0.10563244, 0.10779915, 0.11960232, 0.12130369,
 0.11001731, 0.11351209]
[0.29293322, 0.2940615 , 0.29233534, 0.29451281, 0.29752924, 0.30129452,
 0.29642568, 0.30190478]

averages precision 1, 2, l:
[0.28031217, 0.28091276, 0.2932325 , 0.29422019, 0.29954724, 0.29401727,
 0.30475876, 0.29113384]
[0.10350379, 0.10333175, 0.10085284, 0.10261573, 0.11201971, 0.10999082,
 0.10728841, 0.10372952]
[0.26244781, 0.26329176, 0.27567209, 0.27681185, 0.28147683, 0.2761528 ,
 0.28683243, 0.2741417 ]

averages recall 1, 2, l:
[0.35423169, 0.35550883, 0.33155826, 0.33502949, 0.33597458, 0.35317962,
 0.32612642, 0.35725129]
[0.13002686, 0.13007798, 0.11116851, 0.11382585, 0.12835512, 0.13530135,
 0.11306272, 0.1255676 ]
[0.33165481, 0.33320197, 0.31166093, 0.31516527, 0.31568786, 0.33170909,
 0.30692835, 0.3363816 ]
