indexes of concatenated sums:
[[33, 44, 43, ..., 48, 26,  9],
 [ 9,  2, 39, ..., 43,  8, 10],
 [20,  6, 38, ..., 24, 31,  7],
 ...,
 [ 6, 39,  4, ..., 10, 48, 23],
 [16, 29, 25, ..., 48, 33, 31],
 [17, 15, 12, ...,  1, 40,  0]]

averages f score 1, 2, l:
[0.3310664 , 0.33294575, 0.33388897, 0.3331373 , 0.33396782, 0.3377439 ,
 0.33381449, 0.33806975]
[0.12103723, 0.12368539, 0.11752532, 0.11629604, 0.12576871, 0.12850219,
 0.11750875, 0.12128041]
[0.31268922, 0.31532229, 0.31528892, 0.31412897, 0.31505227, 0.31949325,
 0.31484407, 0.31941599]

averages precision 1, 2, l:
[0.28800775, 0.28896726, 0.29822714, 0.30570726, 0.30085773, 0.29148872,
 0.30110405, 0.2948356 ]
[0.10467644, 0.1068614 , 0.10553349, 0.10794096, 0.11173172, 0.10900615,
 0.1065246 , 0.10561858]
[0.27201982, 0.27366754, 0.28161452, 0.28826926, 0.28381709, 0.27573872,
 0.28399311, 0.27856997]

averages recall 1, 2, l:
[0.38939995, 0.39293068, 0.37983413, 0.36628829, 0.37549391, 0.40152615,
 0.37489295, 0.39628432]
[0.14351998, 0.1468943 , 0.13289889, 0.12623555, 0.14392883, 0.1565201 ,
 0.13122261, 0.14247816]
[0.3677863 , 0.37213926, 0.35867338, 0.34538094, 0.35422695, 0.37982673,
 0.35358673, 0.37441383]
