indexes of concatenated sums:
[[47, 27, 25, ..., 18, 34, 39],
 [19, 39, 24, ...,  9, 43, 42],
 [46,  9, 47, ..., 15, 30, 37],
 ...,
 [41, 38, 47, ..., 29,  8, 46],
 [41, 22,  1, ..., 46, 17, 36],
 [32, 47, 39, ..., 30, 33, 43]]

averages f score 1, 2, l:
[0.30708917, 0.31061342, 0.31094791, 0.31000681, 0.31084451, 0.31578213,
 0.31214703, 0.31445078]
[0.11480727, 0.11797552, 0.11240017, 0.111283  , 0.11964435, 0.12226717,
 0.11377991, 0.11576633]
[0.28863767, 0.29244693, 0.29196191, 0.29122988, 0.29153203, 0.29672493,
 0.29321934, 0.29571541]

averages precision 1, 2, l:
[0.26608544, 0.26735499, 0.27183047, 0.27943366, 0.27790876, 0.27207552,
 0.277037  , 0.27261544]
[0.09947041, 0.10163799, 0.0988198 , 0.10145679, 0.10630011, 0.1043867 ,
 0.10135515, 0.10042005]
[0.25011837, 0.25173525, 0.25526117, 0.2625356 , 0.26066785, 0.25568044,
 0.26026489, 0.25639365]

averages recall 1, 2, l:
[0.36366619, 0.37118495, 0.36415385, 0.34877145, 0.35325381, 0.37677504,
 0.35815986, 0.3720047 ]
[0.13596847, 0.14079221, 0.13069848, 0.12351852, 0.13706153, 0.14775638,
 0.12994386, 0.13688676]
[0.34177634, 0.34944193, 0.3418694 , 0.32760449, 0.33126672, 0.35398957,
 0.33639841, 0.34980127]
